        TIME,    TIDE,      OB,   SURGE,    BIAS,     TWL,SURGE90p,  TWL90p,SURGE10p,   TWL10p
202602050600,   4.395,   5.307,   0.400,   0.512,   5.307,   0.400,   5.307,   0.500,   5.407
202602050606,   4.297,9999.000,9999.000,9999.000,9999.000,9999.000,9999.000,9999.000,9999.000
202602050612,   4.194,   5.028,9999.000,9999.000,9999.000,9999.000,9999.000,9999.000,9999.000
202602050618,   4.088,9999.000,9999.000,9999.000,9999.000,9999.000,9999.000,9999.000,9999.000
202602050624,   3.978,   4.818,9999.000,9999.000,9999.000,9999.000,9999.000,9999.000,9999.000
202602050630,   3.865,9999.000,9999.000,9999.000,9999.000,9999.000,9999.000,9999.000,9999.000
202602050636,   3.748,   4.569,9999.000,9999.000,9999.000,9999.000,9999.000,9999.000,9999.000
202602050642,   3.629,9999.000,9999.000,9999.000,9999.000,9999.000,9999.000,9999.000,9999.000
202602050648,   3.508,   4.329,9999.000,9999.000,9999.000,9999.000,9999.000,9999.000,9999.000
202602050654,   3.383,9999.000,9999.000,9999.000,9999.000,9999.000,9999.000,9999.000,9999.000
202602050700,   3.257,   4.149,   0.400,   0.492,   4.149,   0.400,   4.149,   0.500,   4.249
202602050706,   3.129,   4.027,9999.000,9999.000,9999.000,9999.000,9999.000,9999.000,9999.000
202602050712,   2.999,   3.880,9999.000,9999.000,9999.000,9999.000,9999.000,9999.000,9999.000
202602050718,   2.867,   3.749,9999.000,9999.000,9999.000,9999.000,9999.000,9999.000,9999.000
202602050724,   2.734,   3.627,9999.000,9999.000,9999.000,9999.000,9999.000,9999.000,9999.000
202602050730,   2.600,   3.529,9999.000,9999.000,9999.000,9999.000,9999.000,9999.000,9999.000
202602050736,   2.466,   3.407,9999.000,9999.000,9999.000,9999.000,9999.000,9999.000,9999.000
202602050742,   2.330,   3.279,9999.000,9999.000,9999.000,9999.000,9999.000,9999.000,9999.000
202602050748,   2.195,   3.138,9999.000,9999.000,9999.000,9999.000,9999.000,9999.000,9999.000
202602050754,   2.059,   3.017,9999.000,9999.000,9999.000,9999.000,9999.000,9999.000,9999.000
202602050800,   1.923,   2.938,   0.400,   0.615,   2.938,   0.400,   2.938,   0.500,   3.038
202602050806,   1.788,   2.840,9999.000,9999.000,9999.000,9999.000,9999.000,9999.000,9999.000
202602050812,   1.654,   2.679,9999.000,9999.000,9999.000,9999.000,9999.000,9999.000,9999.000
202602050818,   1.521,   2.578,9999.000,9999.000,9999.000,9999.000,9999.000,9999.000,9999.000
202602050824,   1.389,   2.479,9999.000,9999.000,9999.000,9999.000,9999.000,9999.000,9999.000
202602050830,   1.259,   2.377,9999.000,9999.000,9999.000,9999.000,9999.000,9999.000,9999.000
202602050836,   1.130,   2.279,9999.000,9999.000,9999.000,9999.000,9999.000,9999.000,9999.000
202602050842,   1.004,   2.168,9999.000,9999.000,9999.000,9999.000,9999.000,9999.000,9999.000
202602050848,   0.881,   2.049,9999.000,9999.000,9999.000,9999.000,9999.000,9999.000,9999.000
202602050854,   0.760,   1.948,9999.000,9999.000,9999.000,9999.000,9999.000,9999.000,9999.000
202602050900,   0.643,   1.879,   0.400,   0.836,   1.879,   0.400,   1.879,   0.500,   1.979
202602050906,   0.529,   1.767,9999.000,9999.000,9999.000,9999.000,9999.000,9999.000,9999.000
202602050912,   0.419,   1.620,9999.000,9999.000,9999.000,9999.000,9999.000,9999.000,9999.000
202602050918,   0.314,   1.518,9999.000,9999.000,9999.000,9999.000,9999.000,9999.000,9999.000
202602050924,   0.213,   1.410,9999.000,9999.000,9999.000,9999.000,9999.000,9999.000,9999.000
202602050930,   0.117,   1.308,9999.000,9999.000,9999.000,9999.000,9999.000,9999.000,9999.000
202602050936,   0.027,   1.210,9999.000,9999.000,9999.000,9999.000,9999.000,9999.000,9999.000
202602050942,  -0.057,   1.118,9999.000,9999.000,9999.000,9999.000,9999.000,9999.000,9999.000
202602050948,  -0.136,   1.039,9999.000,9999.000,9999.000,9999.000,9999.000,9999.000,9999.000
202602050954,  -0.209,   0.961,9999.000,9999.000,9999.000,9999.000,9999.000,9999.000,9999.000
202602051000,  -0.275,   0.961,   0.400,   0.836,   0.961,   0.400,   0.961,   0.500,   1.061
202602051006,  -0.334,   0.898,9999.000,9999.000,9999.000,9999.000,9999.000,9999.000,9999.000
202602051012,  -0.386,   0.751,9999.000,9999.000,9999.000,9999.000,9999.000,9999.000,9999.000
202602051018,  -0.431,   0.678,9999.000,9999.000,9999.000,9999.000,9999.000,9999.000,9999.000
202602051024,  -0.469,   0.619,9999.000,9999.000,9999.000,9999.000,9999.000,9999.000,9999.000
202602051030,  -0.499,   0.551,9999.000,9999.000,9999.000,9999.000,9999.000,9999.000,9999.000
202602051036,  -0.521,   0.488,9999.000,9999.000,9999.000,9999.000,9999.000,9999.000,9999.000
202602051042,  -0.535,   0.439,9999.000,9999.000,9999.000,9999.000,9999.000,9999.000,9999.000
202602051048,  -0.541,   0.409,9999.000,9999.000,9999.000,9999.000,9999.000,9999.000,9999.000
202602051054,  -0.539,   0.390,9999.000,9999.000,9999.000,9999.000,9999.000,9999.000,9999.000
202602051100,  -0.529,   0.551,   0.400,   0.680,   0.551,   0.400,   0.551,   0.500,   0.651
202602051106,  -0.511,   0.580,9999.000,9999.000,9999.000,9999.000,9999.000,9999.000,9999.000
202602051112,  -0.485,   0.429,9999.000,9999.000,9999.000,9999.000,9999.000,9999.000,9999.000
202602051118,  -0.451,   0.478,9999.000,9999.000,9999.000,9999.000,9999.000,9999.000,9999.000
202602051124,  -0.410,   0.551,9999.000,9999.000,9999.000,9999.000,9999.000,9999.000,9999.000
202602051130,  -0.360,   0.659,9999.000,9999.000,9999.000,9999.000,9999.000,9999.000,9999.000
202602051136,  -0.303,   0.800,9999.000,9999.000,9999.000,9999.000,9999.000,9999.000,9999.000
202602051142,  -0.238,   0.941,9999.000,9999.000,9999.000,9999.000,9999.000,9999.000,9999.000
202602051148,  -0.166,   1.088,9999.000,9999.000,9999.000,9999.000,9999.000,9999.000,9999.000
202602051154,  -0.087,   1.229,9999.000,9999.000,9999.000,9999.000,9999.000,9999.000,9999.000
202602051200,   0.000,   1.630,   0.400,   1.230,   1.630,   0.400,   1.630,   0.500,   1.730
202602051206,   0.093,   1.758,9999.000,9999.000,9999.000,9999.000,9999.000,9999.000,9999.000
202602051212,   0.194,   1.610,9999.000,9999.000,9999.000,9999.000,9999.000,9999.000,9999.000
202602051218,   0.302,   1.748,9999.000,9999.000,9999.000,9999.000,9999.000,9999.000,9999.000
202602051224,   0.417,   1.899,9999.000,9999.000,9999.000,9999.000,9999.000,9999.000,9999.000
202602051230,   0.539,   2.049,9999.000,9999.000,9999.000,9999.000,9999.000,9999.000,9999.000
202602051236,   0.667,   2.177,9999.000,9999.000,9999.000,9999.000,9999.000,9999.000,9999.000
202602051242,   0.802,   2.318,9999.000,9999.000,9999.000,9999.000,9999.000,9999.000,9999.000
202602051248,   0.942,   2.469,9999.000,9999.000,9999.000,9999.000,9999.000,9999.000,9999.000
202602051254,   1.089,   2.620,9999.000,9999.000,9999.000,9999.000,9999.000,9999.000,9999.000
202602051300,   1.242,   3.040,   0.400,   1.398,   3.040,   0.400,   3.040,   0.500,   3.140
202602051306,   1.399,   3.178,9999.000,9999.000,9999.000,9999.000,9999.000,9999.000,9999.000
202602051312,   1.561,   3.030,9999.000,9999.000,9999.000,9999.000,9999.000,9999.000,9999.000
202602051318,   1.728,   3.148,9999.000,9999.000,9999.000,9999.000,9999.000,9999.000,9999.000
202602051324,   1.898,   3.260,9999.000,9999.000,9999.000,9999.000,9999.000,9999.000,9999.000
202602051330,   2.071,   3.378,9999.000,9999.000,9999.000,9999.000,9999.000,9999.000,9999.000
202602051336,   2.246,   3.509,9999.000,9999.000,9999.000,9999.000,9999.000,9999.000,9999.000
202602051342,   2.423,   3.617,9999.000,9999.000,9999.000,9999.000,9999.000,9999.000,9999.000
202602051348,   2.600,   3.749,9999.000,9999.000,9999.000,9999.000,9999.000,9999.000,9999.000
202602051354,   2.777,   3.860,9999.000,9999.000,9999.000,9999.000,9999.000,9999.000,9999.000
202602051400,   2.953,   4.257,   0.400,   0.904,   4.257,   0.400,   4.257,   0.500,   4.357
202602051406,   3.127,   4.418,9999.000,9999.000,9999.000,9999.000,9999.000,9999.000,9999.000
202602051412,   3.298,   4.267,9999.000,9999.000,9999.000,9999.000,9999.000,9999.000,9999.000
202602051418,   3.466,   4.437,9999.000,9999.000,9999.000,9999.000,9999.000,9999.000,9999.000
202602051424,   3.630,   4.608,9999.000,9999.000,9999.000,9999.000,9999.000,9999.000,9999.000
202602051430,   3.788,   4.749,9999.000,9999.000,9999.000,9999.000,9999.000,9999.000,9999.000
202602051436,   3.941,   4.887,9999.000,9999.000,9999.000,9999.000,9999.000,9999.000,9999.000
202602051442,   4.089,   5.028,9999.000,9999.000,9999.000,9999.000,9999.000,9999.000,9999.000
202602051448,   4.230,   5.169,9999.000,9999.000,9999.000,9999.000,9999.000,9999.000,9999.000
202602051454,   4.364,   5.329,9999.000,9999.000,9999.000,9999.000,9999.000,9999.000,9999.000
202602051500,   4.491,   5.759,   0.500,   0.768,   5.759,   0.400,   5.659,   0.500,   5.759
202602051506,   4.610,   5.867,9999.000,9999.000,9999.000,9999.000,9999.000,9999.000,9999.000
202602051512,   4.723,   5.717,9999.000,9999.000,9999.000,9999.000,9999.000,9999.000,9999.000
202602051518,   4.828,   5.838,9999.000,9999.000,9999.000,9999.000,9999.000,9999.000,9999.000
202602051524,   4.925,   5.949,9999.000,9999.000,9999.000,9999.000,9999.000,9999.000,9999.000
202602051530,   5.014,   6.058,9999.000,9999.000,9999.000,9999.000,9999.000,9999.000,9999.000
202602051536,   5.096,   6.159,9999.000,9999.000,9999.000,9999.000,9999.000,9999.000,9999.000
202602051542,   5.170,   6.248,9999.000,9999.000,9999.000,9999.000,9999.000,9999.000,9999.000
202602051548,   5.236,   6.317,9999.000,9999.000,9999.000,9999.000,9999.000,9999.000,9999.000
202602051554,   5.295,   6.379,9999.000,9999.000,9999.000,9999.000,9999.000,9999.000,9999.000
202602051600,   5.346,   6.628,   0.500,   0.782,   6.628,   0.400,   6.528,   0.500,   6.628
202602051606,   5.389,   6.648,9999.000,9999.000,9999.000,9999.000,9999.000,9999.000,9999.000
202602051612,   5.425,   6.497,9999.000,9999.000,9999.000,9999.000,9999.000,9999.000,9999.000
202602051618,   5.453,   6.537,9999.000,9999.000,9999.000,9999.000,9999.000,9999.000,9999.000
202602051624,   5.474,   6.579,9999.000,9999.000,9999.000,9999.000,9999.000,9999.000,9999.000
202602051630,   5.488,   6.599,9999.000,9999.000,9999.000,9999.000,9999.000,9999.000,9999.000
202602051636,   5.494,   6.599,9999.000,9999.000,9999.000,9999.000,9999.000,9999.000,9999.000
202602051642,   5.493,   6.569,9999.000,9999.000,9999.000,9999.000,9999.000,9999.000,9999.000
202602051648,   5.486,9999.000,9999.000,9999.000,9999.000,9999.000,9999.000,9999.000,9999.000
202602051654,   5.471,   6.546,9999.000,9999.000,9999.000,9999.000,9999.000,9999.000,9999.000
202602051700,   5.450,   6.687,   0.500,   0.737,   6.687,   0.400,   6.587,   0.500,   6.687
202602051706,   5.421,   6.537,9999.000,9999.000,9999.000,9999.000,9999.000,9999.000,9999.000
202602051712,   5.387,9999.000,9999.000,9999.000,9999.000,9999.000,9999.000,9999.000,9999.000
202602051718,   5.346,9999.000,9999.000,9999.000,9999.000,9999.000,9999.000,9999.000,9999.000
202602051724,   5.299, 102.385,9999.000,9999.000,9999.000,9999.000,9999.000,9999.000,9999.000
202602051730,   5.246,9999.000,9999.000,9999.000,9999.000,9999.000,9999.000,9999.000,9999.000
202602051736,   5.187, 102.385,9999.000,9999.000,9999.000,9999.000,9999.000,9999.000,9999.000
202602051742,   5.122,9999.000,9999.000,9999.000,9999.000,9999.000,9999.000,9999.000,9999.000
202602051748,   5.053,9999.000,9999.000,9999.000,9999.000,9999.000,9999.000,9999.000,9999.000
202602051754,   4.978, 102.385,9999.000,9999.000,9999.000,9999.000,9999.000,9999.000,9999.000
202602051800,   4.898,   6.599,   0.500,   1.201,   6.599,   0.500,   6.599,   0.500,   6.599
202602051806,   4.813,   6.546,9999.000,9999.000,9999.000,9999.000,9999.000,9999.000,9999.000
202602051812,   4.724,9999.000,9999.000,9999.000,9999.000,9999.000,9999.000,9999.000,9999.000
202602051818,   4.630, 102.385,9999.000,9999.000,9999.000,9999.000,9999.000,9999.000,9999.000
202602051824,   4.532, 102.385,9999.000,9999.000,9999.000,9999.000,9999.000,9999.000,9999.000
202602051830,   4.431, 102.385,9999.000,9999.000,9999.000,9999.000,9999.000,9999.000,9999.000
202602051836,   4.326,9999.000,9999.000,9999.000,9999.000,9999.000,9999.000,9999.000,9999.000
202602051842,   4.217,   6.149,9999.000,9999.000,9999.000,9999.000,9999.000,9999.000,9999.000
202602051848,   4.105, 102.385,9999.000,9999.000,9999.000,9999.000,9999.000,9999.000,9999.000
202602051854,   3.990, 102.385,9999.000,9999.000,9999.000,9999.000,9999.000,9999.000,9999.000
202602051900,   3.872,   5.848,   0.500,   1.476,   5.848,   0.500,   5.848,   0.500,   5.848
202602051906,   3.752,   5.697,9999.000,9999.000,9999.000,9999.000,9999.000,9999.000,9999.000
202602051912,   3.629,9999.000,9999.000,9999.000,9999.000,9999.000,9999.000,9999.000,9999.000
202602051918,   3.505,9999.000,9999.000,9999.000,9999.000,9999.000,9999.000,9999.000,9999.000
202602051924,   3.378,   5.339,9999.000,9999.000,9999.000,9999.000,9999.000,9999.000,9999.000
202602051930,   3.249,9999.000,9999.000,9999.000,9999.000,9999.000,9999.000,9999.000,9999.000
202602051936,   3.119, 102.385,9999.000,9999.000,9999.000,9999.000,9999.000,9999.000,9999.000
202602051942,   2.987,9999.000,9999.000,9999.000,9999.000,9999.000,9999.000,9999.000,9999.000
202602051948,   2.855,9999.000,9999.000,9999.000,9999.000,9999.000,9999.000,9999.000,9999.000
202602051954,   2.721,   4.198,9999.000,9999.000,9999.000,9999.000,9999.000,9999.000,9999.000
202602052000,   2.587,   4.008,   0.600,   0.821,   4.008,   0.500,   3.908,   0.600,   4.008
202602052006,   2.452,   3.778,9999.000,9999.000,9999.000,9999.000,9999.000,9999.000,9999.000
202602052012,   2.318,9999.000,9999.000,9999.000,9999.000,9999.000,9999.000,9999.000,9999.000
202602052018,   2.183,   3.388,9999.000,9999.000,9999.000,9999.000,9999.000,9999.000,9999.000
202602052024,   2.048,   3.188,9999.000,9999.000,9999.000,9999.000,9999.000,9999.000,9999.000
202602052030,   1.914,   3.040,9999.000,9999.000,9999.000,9999.000,9999.000,9999.000,9999.000
202602052036,   1.781,9999.000,9999.000,9999.000,9999.000,9999.000,9999.000,9999.000,9999.000
202602052042,   1.648,   2.807,9999.000,9999.000,9999.000,9999.000,9999.000,9999.000,9999.000
202602052048,   1.518,9999.000,9999.000,9999.000,9999.000,9999.000,9999.000,9999.000,9999.000
202602052054,   1.388,   2.587,9999.000,9999.000,9999.000,9999.000,9999.000,9999.000,9999.000
202602052100,   1.261,   2.519,   0.600,   0.658,   2.519,   0.500,   2.419,   0.600,   2.519
202602052106,   1.135,   2.410,9999.000,9999.000,9999.000,9999.000,9999.000,9999.000,9999.000
202602052112,   1.013,   2.259,9999.000,9999.000,9999.000,9999.000,9999.000,9999.000,9999.000
202602052118,   0.893,   2.148,9999.000,9999.000,9999.000,9999.000,9999.000,9999.000,9999.000
202602052124,   0.776,   2.059,9999.000,9999.000,9999.000,9999.000,9999.000,9999.000,9999.000
202602052130,   0.662,   1.948,9999.000,9999.000,9999.000,9999.000,9999.000,9999.000,9999.000
202602052136,   0.553,   1.859,9999.000,9999.000,9999.000,9999.000,9999.000,9999.000,9999.000
202602052142,   0.447,   1.767,9999.000,9999.000,9999.000,9999.000,9999.000,9999.000,9999.000
202602052148,   0.346,   1.669,9999.000,9999.000,9999.000,9999.000,9999.000,9999.000,9999.000
202602052154,   0.249,   1.590,9999.000,9999.000,9999.000,9999.000,9999.000,9999.000,9999.000
202602052200,   0.158,   1.557,   0.600,   0.799,   1.557,   0.600,   1.557,   0.700,   1.657
202602052206,   0.071,   1.469,9999.000,9999.000,9999.000,9999.000,9999.000,9999.000,9999.000
202602052212,  -0.009,   1.318,9999.000,9999.000,9999.000,9999.000,9999.000,9999.000,9999.000
202602052218,  -0.083,   1.249,9999.000,9999.000,9999.000,9999.000,9999.000,9999.000,9999.000
202602052224,  -0.152,   1.170,9999.000,9999.000,9999.000,9999.000,9999.000,9999.000,9999.000
202602052230,  -0.215,   1.098,9999.000,9999.000,9999.000,9999.000,9999.000,9999.000,9999.000
202602052236,  -0.271,   1.029,9999.000,9999.000,9999.000,9999.000,9999.000,9999.000,9999.000
202602052242,  -0.320,   0.970,9999.000,9999.000,9999.000,9999.000,9999.000,9999.000,9999.000
202602052248,  -0.363,   0.918,9999.000,9999.000,9999.000,9999.000,9999.000,9999.000,9999.000
202602052254,  -0.398,   0.879,9999.000,9999.000,9999.000,9999.000,9999.000,9999.000,9999.000
202602052300,  -0.426,   1.010,   0.600,   0.836,   1.010,   0.600,   1.010,   0.700,   1.110
202602052306,  -0.447,   1.010,9999.000,9999.000,9999.000,9999.000,9999.000,9999.000,9999.000
202602052312,  -0.461,   0.859,9999.000,9999.000,9999.000,9999.000,9999.000,9999.000,9999.000
202602052318,  -0.467,   0.869,9999.000,9999.000,9999.000,9999.000,9999.000,9999.000,9999.000
202602052324,  -0.466,   0.879,9999.000,9999.000,9999.000,9999.000,9999.000,9999.000,9999.000
202602052330,  -0.457,   0.908,9999.000,9999.000,9999.000,9999.000,9999.000,9999.000,9999.000
202602052336,  -0.441,   0.941,9999.000,9999.000,9999.000,9999.000,9999.000,9999.000,9999.000
202602052342,  -0.418,   0.990,9999.000,9999.000,9999.000,9999.000,9999.000,9999.000,9999.000
202602052348,  -0.388,   1.079,9999.000,9999.000,9999.000,9999.000,9999.000,9999.000,9999.000
202602052354,  -0.350,   1.180,9999.000,9999.000,9999.000,9999.000,9999.000,9999.000,9999.000
202602060000,  -0.305,   1.630,   0.600,   1.335,   1.630,   0.600,   1.630,   0.700,   1.730
202602060006,  -0.253,   1.767,9999.000,9999.000,9999.000,9999.000,9999.000,9999.000,9999.000
202602060012,  -0.193,   1.620,9999.000,9999.000,9999.000,9999.000,9999.000,9999.000,9999.000
202602060018,  -0.127,   1.758,9999.000,9999.000,9999.000,9999.000,9999.000,9999.000,9999.000
202602060024,  -0.054,   1.869,9999.000,9999.000,9999.000,9999.000,9999.000,9999.000,9999.000
202602060030,   0.025,   1.958,9999.000,9999.000,9999.000,9999.000,9999.000,9999.000,9999.000
202602060036,   0.112,   2.030,9999.000,9999.000,9999.000,9999.000,9999.000,9999.000,9999.000
202602060042,   0.206,   0.009,9999.000,9999.000,9999.000,9999.000,9999.000,9999.000,9999.000
202602060048,   0.307, -15.127,9999.000,9999.000,9999.000,9999.000,9999.000,9999.000,9999.000
202602060054,   0.414, -14.917,9999.000,9999.000,9999.000,9999.000,9999.000,9999.000,9999.000
202602060100,   0.529, -14.727,   0.600, -15.856, -14.727,   0.600, -14.727,   0.700, -14.627
202602060106,   0.649,  -0.970,9999.000,9999.000,9999.000,9999.000,9999.000,9999.000,9999.000
202602060112,   0.776,  -1.118,9999.000,9999.000,9999.000,9999.000,9999.000,9999.000,9999.000
202602060118,   0.910,   2.748,9999.000,9999.000,9999.000,9999.000,9999.000,9999.000,9999.000
202602060124,   1.049,   2.860,9999.000,9999.000,9999.000,9999.000,9999.000,9999.000,9999.000
202602060130,   1.193,   2.958,9999.000,9999.000,9999.000,9999.000,9999.000,9999.000,9999.000
202602060136,   1.343,   3.060,9999.000,9999.000,9999.000,9999.000,9999.000,9999.000,9999.000
202602060142,   1.498,   3.217,9999.000,9999.000,9999.000,9999.000,9999.000,9999.000,9999.000
202602060148,   1.657,9999.000,9999.000,9999.000,9999.000,9999.000,9999.000,9999.000,9999.000
202602060154,   1.819,   3.489,9999.000,9999.000,9999.000,9999.000,9999.000,9999.000,9999.000
202602060200,   1.984,9999.000,   0.600,9999.000,   2.584,   0.600,   2.584,   0.700,   2.684
202602060206,   2.152,   4.080,9999.000,9999.000,9999.000,9999.000,9999.000,9999.000,9999.000
202602060212,   2.320,   3.929,9999.000,9999.000,9999.000,9999.000,9999.000,9999.000,9999.000
202602060218,   2.490,   4.070,9999.000,9999.000,9999.000,9999.000,9999.000,9999.000,9999.000
202602060224,   2.658,   4.198,9999.000,9999.000,9999.000,9999.000,9999.000,9999.000,9999.000
202602060230,   2.826,   4.368,9999.000,9999.000,9999.000,9999.000,9999.000,9999.000,9999.000
202602060236,   2.991,   4.519,9999.000,9999.000,9999.000,9999.000,9999.000,9999.000,9999.000
202602060242,   3.154,   4.677,9999.000,9999.000,9999.000,9999.000,9999.000,9999.000,9999.000
202602060248,   3.313,   4.828,9999.000,9999.000,9999.000,9999.000,9999.000,9999.000,9999.000
202602060254,   3.467,   4.979,9999.000,9999.000,9999.000,9999.000,9999.000,9999.000,9999.000
202602060300,   3.617,   5.379,   0.700,   1.062,   5.379,   0.600,   5.279,   0.700,   5.379
202602060306,   3.762,   5.507,9999.000,9999.000,9999.000,9999.000,9999.000,9999.000,9999.000
202602060312,   3.900,   5.359,9999.000,9999.000,9999.000,9999.000,9999.000,9999.000,9999.000
202602060318,   4.033,   5.497,9999.000,9999.000,9999.000,9999.000,9999.000,9999.000,9999.000
202602060324,   4.158,   5.648,9999.000,9999.000,9999.000,9999.000,9999.000,9999.000,9999.000
202602060330,   4.277,   5.789,9999.000,9999.000,9999.000,9999.000,9999.000,9999.000,9999.000
202602060336,   4.389,   5.897,9999.000,9999.000,9999.000,9999.000,9999.000,9999.000,9999.000
202602060342,   4.494,   5.979,9999.000,9999.000,9999.000,9999.000,9999.000,9999.000,9999.000
202602060348,   4.591,   6.058,9999.000,9999.000,9999.000,9999.000,9999.000,9999.000,9999.000
202602060354,   4.681,   6.117,9999.000,9999.000,9999.000,9999.000,9999.000,9999.000,9999.000
202602060400,   4.764,   6.428,   0.700,   0.964,   6.428,   0.600,   6.328,   0.700,   6.428
202602060406,   4.839,   6.507,9999.000,9999.000,9999.000,9999.000,9999.000,9999.000,9999.000
202602060412,   4.907,   6.359,9999.000,9999.000,9999.000,9999.000,9999.000,9999.000,9999.000
202602060418,   4.967,   6.428,9999.000,9999.000,9999.000,9999.000,9999.000,9999.000,9999.000
202602060424,   5.020,   6.487,9999.000,9999.000,9999.000,9999.000,9999.000,9999.000,9999.000
202602060430,   5.066,   6.537,9999.000,9999.000,9999.000,9999.000,9999.000,9999.000,9999.000
202602060436,   5.104,   6.569,9999.000,9999.000,9999.000,9999.000,9999.000,9999.000,9999.000
202602060442,   5.135,   6.589,9999.000,9999.000,9999.000,9999.000,9999.000,9999.000,9999.000
202602060448,   5.159,   6.599,9999.000,9999.000,9999.000,9999.000,9999.000,9999.000,9999.000
202602060454,   5.176,   6.638,9999.000,9999.000,9999.000,9999.000,9999.000,9999.000,9999.000
202602060500,   5.185,   6.848,   0.700,   0.963,   6.848,   0.700,   6.848,   0.700,   6.848
202602060506,   5.188,   6.838,9999.000,9999.000,9999.000,9999.000,9999.000,9999.000,9999.000
202602060512,   5.184,   6.687,9999.000,9999.000,9999.000,9999.000,9999.000,9999.000,9999.000
202602060518,   5.173,   6.658,9999.000,9999.000,9999.000,9999.000,9999.000,9999.000,9999.000
202602060524,   5.156,   6.619,9999.000,9999.000,9999.000,9999.000,9999.000,9999.000,9999.000
202602060530,   5.132,   6.638,9999.000,9999.000,9999.000,9999.000,9999.000,9999.000,9999.000
202602060536,   5.102,   6.619,9999.000,9999.000,9999.000,9999.000,9999.000,9999.000,9999.000
202602060542,   5.066,   6.648,9999.000,9999.000,9999.000,9999.000,9999.000,9999.000,9999.000
202602060548,   5.024,   6.579,9999.000,9999.000,9999.000,9999.000,9999.000,9999.000,9999.000
202602060554,   4.976,   6.546,9999.000,9999.000,9999.000,9999.000,9999.000,9999.000,9999.000
202602060600,   4.922,   6.556,   0.700,   0.934,   6.556,   0.700,   6.556,   0.800,   6.656
202602060606,   4.864,   6.477,9999.000,9999.000,9999.000,9999.000,9999.000,9999.000,9999.000
202602060612,   4.800,   6.327,9999.000,9999.000,9999.000,9999.000,9999.000,9999.000,9999.000
202602060618,   4.731,   6.258,9999.000,9999.000,9999.000,9999.000,9999.000,9999.000,9999.000
202602060624,   4.657,   6.149,9999.000,9999.000,9999.000,9999.000,9999.000,9999.000,9999.000
202602060630,   4.579,   6.018,9999.000,9999.000,9999.000,9999.000,9999.000,9999.000,9999.000
202602060636,   4.497,   5.926,9999.000,9999.000,9999.000,9999.000,9999.000,9999.000,9999.000
202602060642,   4.410,   5.818,9999.000,9999.000,9999.000,9999.000,9999.000,9999.000,9999.000
202602060648,   4.320,   5.707,9999.000,9999.000,9999.000,9999.000,9999.000,9999.000,9999.000
